(20,(2.579046346613853,2.0110970458954895))
(13,(2.0228913274152305,0.0))
(19,(0.0,3.6713377530831006))
(34,(10.211533100511202,0.0))
(15,(0.0,3.6713377530831006))
(4,(3.6601797873638877,2.0027250417112508))
(21,(0.0,3.6713377530831006))
(16,(0.0,3.6713377530831006))
(22,(2.579046346613853,0.0))
(25,(0.0,1.1282656074997404))
(28,(2.1959302981486504,2.0110970458954895))
(29,(1.0811334407500346,2.487335818957043))
(11,(1.9335748401292414,0.0))
(14,(4.073066069924528,2.0110970458954895))
(32,(2.4181468541213387,3.6713377530831006))
(30,(1.3273231597711896,3.6713377530831006))
(24,(0.0,4.584772513176533))
(27,(0.0,2.2725049715507346))
(33,(8.430027268382478,2.0110970458954895))
(23,(0.0,3.6713377530831006))
(1,(0.0,7.7914556506503265))
(6,(1.6100050448545904,0.7955682003943495))
(17,(0.17242216865924828,0.0))
(3,(2.579046346613853,5.373741588828684))
(7,(1.9335748401292414,0.03395745875025846))
(9,(2.691138485604625,4.0156612600095))
(8,(4.073066069924528,0.0))
(12,(1.6100050448545904,0.0))
(18,(2.579046346613853,0.0))
(31,(1.748334768547884,3.6713377530831006))
(26,(1.1147968573986162,0.4762387730615534))
(10,(1.0811334407500346,2.0110970458954895))
(5,(1.6100050448545904,0.761610741644091))
(2,(1.6100050448545904,4.701209839021048))
